Size:	2	2
Time:	0.000059
Step:	21
Energy:	-0.500000
Value:
0.00 -0.00 0.00 0.87 0.00 0.87 -1.73 0.00 -0.00 -1.73 0.87 -0.00 0.87 -0.00 0.00 0.00 

