Size:	2	3
Time:	0.000183
Step:	39
Energy:	-0.521564
Value:
-0.00 0.00 -0.00 -0.00 0.00 0.00 -0.00 0.61 -0.00 -0.00 0.00 -0.24 -0.00 0.69 -1.05 -0.00 0.00 0.00 -0.00 0.69 0.00 -1.98 0.69 0.00 -0.00 0.24 -0.69 -0.00 1.05 0.00 -0.00 0.00 -0.00 -0.00 0.00 -1.05 -0.00 0.69 -0.24 -0.00 0.00 -0.69 1.98 0.00 -0.69 -0.00 0.00 -0.00 -0.00 1.05 -0.69 -0.00 0.24 0.00 -0.00 0.00 -0.61 -0.00 0.00 -0.00 -0.00 0.00 -0.00 -0.00 

