Size:	2	4
Time:	0.001932
Step:	41
Energy:	-0.536633
Value:
-0.00 -0.00 -0.00 -0.00 -0.00 0.00 -0.00 0.00 -0.00 -0.00 0.00 -0.00 -0.00 0.00 -0.00 -0.36 -0.00 -0.00 0.00 -0.00 -0.00 0.00 -0.00 -0.06 0.00 -0.00 0.00 0.15 -0.00 -0.40 0.66 0.00 -0.00 0.00 -0.00 0.00 0.00 -0.00 0.00 0.15 -0.00 0.00 -0.00 -0.46 0.00 1.07 -0.40 -0.00 -0.00 0.00 -0.00 -0.02 0.00 0.13 -0.20 -0.00 -0.00 -0.20 0.53 0.00 -0.60 -0.00 0.00 0.00 -0.00 -0.00 0.00 -0.00 -0.00 0.00 -0.00 -0.40 0.00 -0.00 0.00 1.07 -0.00 -0.46 0.15 0.00 0.00 -0.00 0.00 0.13 -0.00 -0.44 0.76 0.00 0.00 0.76 -2.11 -0.00 0.53 0.00 -0.00 -0.00 -0.00 0.00 -0.00 -0.20 0.00 0.76 -0.32 -0.00 -0.00 -1.17 0.76 0.00 -0.20 -0.00 0.00 0.00 -0.00 -0.06 0.15 0.00 -0.40 -0.00 0.00 0.00 0.66 0.00 -0.00 -0.00 0.00 0.00 -0.00 -0.00 -0.00 0.00 -0.00 0.00 0.00 -0.00 0.00 0.66 -0.00 0.00 -0.00 -0.40 0.00 0.15 -0.06 -0.00 -0.00 0.00 -0.00 -0.20 0.00 0.76 -1.17 -0.00 -0.00 -0.32 0.76 0.00 -0.20 -0.00 0.00 0.00 0.00 -0.00 0.00 0.53 -0.00 -2.12 0.76 0.00 0.00 0.76 -0.44 -0.00 0.13 0.00 -0.00 -0.00 0.00 0.15 -0.46 -0.00 1.07 0.00 -0.00 -0.00 -0.40 -0.00 0.00 0.00 -0.00 -0.00 0.00 -0.00 -0.00 0.00 -0.00 -0.60 0.00 0.53 -0.20 -0.00 -0.00 -0.20 0.13 0.00 -0.02 -0.00 0.00 0.00 -0.00 -0.40 1.07 0.00 -0.46 -0.00 0.00 0.00 0.15 0.00 -0.00 -0.00 0.00 0.00 -0.00 -0.00 0.00 0.66 -0.40 -0.00 0.15 0.00 -0.00 -0.00 -0.06 -0.00 0.00 0.00 -0.00 -0.00 0.00 -0.00 -0.36 -0.00 0.00 0.00 -0.00 -0.00 0.00 -0.00 0.00 0.00 -0.00 -0.00 0.00 -0.00 -0.00 -0.00 

