Size:	3	3
Time:	0.006706
Step:	32
Energy:	-0.527701
Value:
0.00 0.00 0.00 -0.00 0.00 0.00 -0.00 -0.00 0.00 -0.00 0.00 0.00 -0.00 -0.00 0.00 -0.06 0.00 0.00 -0.00 -0.00 0.00 0.00 -0.00 0.09 -0.00 -0.00 0.00 -0.07 -0.00 0.23 -0.24 -0.02 0.00 -0.00 0.00 0.00 -0.00 -0.00 0.00 -0.06 0.00 0.00 -0.00 0.18 0.00 -0.15 0.18 0.04 -0.00 -0.00 0.00 -0.24 -0.00 0.23 -0.07 -0.02 0.00 -0.31 0.62 0.07 -0.31 -0.13 0.07 0.00 0.00 0.00 -0.00 -0.00 0.00 0.00 -0.00 0.17 -0.00 -0.00 0.00 -0.06 -0.00 0.17 -0.29 -0.03 0.00 0.00 -0.00 0.23 0.00 -0.62 0.31 0.07 -0.00 0.09 -0.24 -0.02 0.31 0.07 -0.07 -0.00 -0.00 -0.00 0.00 -0.49 -0.00 0.30 -0.17 -0.10 0.00 -0.31 0.91 0.10 -0.32 -0.13 0.13 0.00 -0.00 0.69 -0.67 -0.20 0.31 0.38 -0.12 -0.00 -0.31 -0.06 0.13 0.00 -0.13 -0.00 0.00 -0.00 0.00 -0.00 0.00 0.00 -0.00 -0.00 0.00 -0.31 0.00 0.00 -0.00 0.18 0.00 -0.49 0.91 0.10 -0.00 -0.00 0.00 -0.31 -0.00 0.69 -0.31 -0.06 0.00 -0.24 0.62 0.07 -0.67 -0.20 0.13 0.00 0.00 0.00 -0.00 0.91 0.00 -0.49 0.18 0.09 -0.00 0.91 -2.78 -0.26 0.91 0.29 -0.26 -0.00 0.00 -0.67 0.62 0.13 -0.24 -0.20 0.07 0.00 0.62 0.13 -0.13 -0.00 0.13 0.00 -0.00 0.00 -0.00 -0.00 0.00 -0.15 -0.00 0.30 -0.32 -0.13 0.00 -0.06 0.18 0.04 -0.17 -0.10 0.13 0.00 -0.00 0.23 -0.31 -0.13 0.31 0.38 -0.13 -0.00 -0.07 -0.02 0.07 0.00 -0.12 -0.00 0.00 -0.00 0.00 -0.49 0.91 0.29 -0.29 -0.28 0.13 0.00 0.18 0.09 -0.26 -0.00 0.13 0.00 -0.00 0.00 -0.24 -0.20 0.13 0.00 -0.07 -0.00 0.00 -0.00 0.07 0.00 -0.00 0.00 0.00 -0.00 0.00 0.00 0.00 0.00 -0.00 -0.00 0.00 0.00 -0.00 0.17 -0.00 -0.00 0.00 -0.17 -0.00 0.30 -0.49 -0.10 0.00 0.00 -0.00 0.31 0.00 -0.62 0.23 0.07 -0.00 0.31 -0.67 -0.12 0.69 0.38 -0.20 -0.00 -0.00 -0.00 0.00 -0.29 -0.00 0.17 -0.06 -0.03 0.00 -0.32 0.91 0.13 -0.31 -0.13 0.09 0.00 -0.00 0.31 -0.24 -0.07 0.09 0.07 -0.02 -0.00 -0.31 -0.13 0.13 0.00 -0.06 -0.00 0.00 -0.00 0.00 0.00 -0.00 0.30 0.00 -0.32 0.30 0.25 -0.00 0.17 -0.49 -0.10 0.30 0.25 -0.28 -0.00 0.00 -0.62 0.69 0.38 -0.62 -1.15 0.38 0.00 0.23 0.07 -0.20 -0.00 0.38 0.00 -0.00 0.00 -0.00 0.30 -0.49 -0.28 0.17 0.25 -0.10 -0.00 -0.15 -0.13 0.29 0.00 -0.13 -0.00 0.00 -0.00 0.23 0.38 -0.20 -0.00 0.07 0.00 -0.00 0.00 -0.13 -0.00 0.00 -0.00 -0.00 0.00 -0.00 0.00 -0.00 -0.00 0.00 -0.32 -0.00 0.30 -0.15 -0.13 0.00 -0.29 0.91 0.13 -0.49 -0.28 0.29 0.00 -0.00 0.31 -0.31 -0.13 0.23 0.38 -0.13 -0.00 -0.24 -0.07 0.13 0.00 -0.20 -0.00 0.00 -0.00 0.00 -0.17 0.18 0.13 -0.06 -0.10 0.04 0.00 0.18 0.13 -0.26 -0.00 0.09 0.00 -0.00 0.00 -0.07 -0.12 0.07 0.00 -0.02 -0.00 0.00 -0.00 0.07 0.00 -0.00 0.00 0.00 -0.00 0.00 0.00 -0.00 0.17 -0.31 -0.13 0.17 0.25 -0.13 -0.00 -0.06 -0.03 0.09 0.00 -0.10 -0.00 0.00 -0.00 0.09 0.07 -0.06 -0.00 0.07 0.00 -0.00 0.00 -0.02 -0.00 0.00 -0.00 -0.00 0.00 -0.00 0.00 -0.06 -0.10 0.09 0.00 -0.03 -0.00 0.00 -0.00 0.04 0.00 -0.00 0.00 0.00 -0.00 0.00 0.00 -0.02 -0.00 0.00 -0.00 -0.00 0.00 -0.00 0.00 0.00 -0.00 0.00 0.00 -0.00 0.00 0.00 0.00 

