Size:	3	3
Time:	0.006809
Step:	52
Energy:	-0.527703
Value:
0.00 0.00 0.00 -0.00 0.00 0.00 -0.00 -0.00 0.00 -0.00 0.00 0.00 -0.00 -0.00 0.00 -0.01 0.00 0.00 -0.00 -0.00 0.00 0.00 -0.00 0.02 -0.00 -0.00 0.00 -0.01 -0.00 0.05 -0.05 0.06 0.00 -0.00 0.00 0.00 -0.00 -0.00 0.00 -0.01 0.00 0.00 -0.00 0.04 0.00 -0.03 0.04 -0.09 -0.00 -0.00 0.00 -0.05 -0.00 0.05 -0.01 0.06 0.00 -0.07 0.13 -0.18 -0.07 0.33 -0.18 -0.00 0.00 0.00 -0.00 -0.00 0.00 0.00 -0.00 0.04 -0.00 -0.00 0.00 -0.01 -0.00 0.04 -0.06 0.07 0.00 0.00 -0.00 0.05 0.00 -0.13 0.07 -0.19 -0.00 0.02 -0.05 0.06 0.07 -0.19 0.18 0.00 -0.00 -0.00 0.00 -0.10 -0.00 0.06 -0.04 0.26 0.00 -0.07 0.19 -0.24 -0.07 0.33 -0.33 -0.00 -0.00 0.15 -0.14 0.52 0.07 -0.97 0.31 0.00 -0.07 0.16 -0.32 -0.00 0.34 0.00 -0.00 0.00 0.00 -0.00 0.00 0.00 -0.00 -0.00 0.00 -0.07 0.00 0.00 -0.00 0.04 0.00 -0.10 0.19 -0.24 -0.00 -0.00 0.00 -0.07 -0.00 0.15 -0.07 0.16 0.00 -0.05 0.13 -0.18 -0.14 0.52 -0.32 -0.00 0.00 0.00 -0.00 0.19 0.00 -0.10 0.04 -0.24 -0.00 0.19 -0.59 0.65 0.19 -0.73 0.65 0.00 0.00 -0.14 0.13 -0.32 -0.05 0.52 -0.18 -0.00 0.13 -0.32 0.34 0.00 -0.32 -0.00 0.00 -0.00 -0.00 -0.00 0.00 -0.03 -0.00 0.06 -0.07 0.33 0.00 -0.01 0.04 -0.09 -0.04 0.26 -0.33 -0.00 -0.00 0.05 -0.07 0.33 0.07 -0.97 0.34 0.00 -0.01 0.06 -0.18 -0.00 0.31 0.00 -0.00 0.00 0.00 -0.10 0.19 -0.73 -0.06 0.72 -0.33 -0.00 0.04 -0.24 0.65 0.00 -0.33 -0.00 0.00 -0.00 -0.05 0.52 -0.32 -0.00 0.18 0.00 -0.00 0.00 -0.18 -0.00 0.00 -0.00 -0.00 0.00 -0.00 0.00 0.00 0.00 -0.00 -0.00 0.00 0.00 -0.00 0.04 -0.00 -0.00 0.00 -0.04 -0.00 0.06 -0.10 0.26 0.00 0.00 -0.00 0.07 0.00 -0.13 0.05 -0.19 -0.00 0.07 -0.14 0.31 0.15 -0.97 0.52 0.00 -0.00 -0.00 0.00 -0.06 -0.00 0.04 -0.01 0.07 0.00 -0.07 0.19 -0.33 -0.07 0.33 -0.24 -0.00 -0.00 0.07 -0.05 0.18 0.02 -0.19 0.06 0.00 -0.07 0.34 -0.32 -0.00 0.16 0.00 -0.00 0.00 0.00 0.00 -0.00 0.06 0.00 -0.07 0.06 -0.65 -0.00 0.04 -0.10 0.26 0.06 -0.65 0.72 0.00 0.00 -0.13 0.15 -0.97 -0.13 2.96 -0.97 -0.00 0.05 -0.19 0.52 0.00 -0.97 -0.00 0.00 -0.00 -0.00 0.06 -0.10 0.72 0.04 -0.65 0.26 0.00 -0.03 0.33 -0.73 -0.00 0.33 0.00 -0.00 0.00 0.05 -0.97 0.52 0.00 -0.19 -0.00 0.00 -0.00 0.33 0.00 -0.00 0.00 0.00 -0.00 0.00 0.00 -0.00 -0.00 0.00 -0.07 -0.00 0.06 -0.03 0.33 0.00 -0.06 0.19 -0.33 -0.10 0.72 -0.73 -0.00 -0.00 0.07 -0.07 0.34 0.05 -0.97 0.33 0.00 -0.05 0.18 -0.32 -0.00 0.52 0.00 -0.00 0.00 0.00 -0.04 0.04 -0.33 -0.01 0.26 -0.09 -0.00 0.04 -0.33 0.65 0.00 -0.24 -0.00 0.00 -0.00 -0.01 0.31 -0.18 -0.00 0.06 0.00 -0.00 0.00 -0.18 -0.00 0.00 -0.00 -0.00 0.00 -0.00 0.00 -0.00 0.04 -0.07 0.33 0.04 -0.65 0.33 0.00 -0.01 0.07 -0.24 -0.00 0.26 0.00 -0.00 0.00 0.02 -0.19 0.16 0.00 -0.19 -0.00 0.00 -0.00 0.06 0.00 -0.00 0.00 0.00 -0.00 0.00 0.00 -0.01 0.26 -0.24 -0.00 0.07 0.00 -0.00 0.00 -0.09 -0.00 0.00 -0.00 -0.00 0.00 -0.00 0.00 0.06 0.00 -0.00 0.00 0.00 -0.00 0.00 0.00 -0.00 0.00 -0.00 0.00 0.00 0.00 0.00 0.00 

