Size:	3	3
Time:	0.007016
Step:	37
Energy:	-0.527703
Value:
-0.00 -0.00 -0.00 0.00 -0.00 -0.00 0.00 -0.00 -0.00 0.00 -0.00 0.00 0.00 -0.00 0.00 -0.03 -0.00 -0.00 0.00 -0.00 -0.00 0.00 -0.00 0.05 0.00 -0.00 0.00 -0.04 -0.00 0.12 -0.13 -0.05 -0.00 0.00 -0.00 0.00 0.00 -0.00 0.00 -0.03 -0.00 0.00 -0.00 0.09 0.00 -0.08 0.09 0.08 0.00 -0.00 0.00 -0.13 -0.00 0.12 -0.04 -0.05 0.00 -0.17 0.33 0.16 -0.17 -0.29 0.16 0.00 -0.00 -0.00 0.00 -0.00 -0.00 0.00 -0.00 0.09 0.00 -0.00 0.00 -0.03 -0.00 0.09 -0.16 -0.07 -0.00 0.00 -0.00 0.12 0.00 -0.33 0.17 0.16 -0.00 0.05 -0.13 -0.05 0.17 0.16 -0.15 -0.00 0.00 -0.00 0.00 -0.27 -0.00 0.16 -0.09 -0.23 0.00 -0.17 0.49 0.21 -0.17 -0.29 0.29 0.00 -0.00 0.37 -0.36 -0.46 0.17 0.85 -0.27 -0.00 -0.17 -0.14 0.28 0.00 -0.30 -0.00 0.00 -0.00 -0.00 0.00 -0.00 0.00 0.00 -0.00 0.00 -0.17 -0.00 0.00 -0.00 0.09 0.00 -0.27 0.49 0.21 0.00 -0.00 0.00 -0.17 -0.00 0.37 -0.17 -0.14 0.00 -0.13 0.33 0.16 -0.36 -0.46 0.28 0.00 -0.00 0.00 -0.00 0.49 0.00 -0.27 0.09 0.21 -0.00 0.49 -1.51 -0.58 0.49 0.65 -0.58 -0.00 0.00 -0.36 0.33 0.28 -0.13 -0.46 0.16 0.00 0.33 0.28 -0.30 -0.00 0.28 0.00 -0.00 0.00 0.00 -0.00 0.00 -0.08 -0.00 0.16 -0.17 -0.29 0.00 -0.03 0.09 0.08 -0.09 -0.23 0.29 0.00 -0.00 0.12 -0.17 -0.29 0.17 0.85 -0.30 -0.00 -0.04 -0.05 0.16 0.00 -0.27 -0.00 0.00 -0.00 0.00 -0.27 0.49 0.65 -0.16 -0.63 0.29 0.00 0.09 0.21 -0.58 -0.00 0.29 0.00 -0.00 0.00 -0.13 -0.46 0.28 0.00 -0.15 -0.00 0.00 -0.00 0.16 0.00 -0.00 0.00 0.00 -0.00 0.00 -0.00 -0.00 -0.00 0.00 -0.00 -0.00 0.00 -0.00 0.09 0.00 -0.00 0.00 -0.09 -0.00 0.16 -0.27 -0.23 -0.00 0.00 -0.00 0.17 0.00 -0.33 0.12 0.16 -0.00 0.17 -0.36 -0.27 0.37 0.85 -0.46 -0.00 0.00 -0.00 0.00 -0.16 -0.00 0.09 -0.03 -0.07 0.00 -0.17 0.49 0.29 -0.17 -0.29 0.21 0.00 -0.00 0.17 -0.13 -0.15 0.05 0.16 -0.05 -0.00 -0.17 -0.30 0.28 0.00 -0.14 -0.00 0.00 -0.00 -0.00 0.00 -0.00 0.16 0.00 -0.17 0.16 0.58 -0.00 0.09 -0.27 -0.23 0.16 0.58 -0.63 -0.00 0.00 -0.33 0.37 0.85 -0.33 -2.61 0.85 0.00 0.12 0.16 -0.46 -0.00 0.85 0.00 -0.00 0.00 -0.00 0.16 -0.27 -0.63 0.09 0.58 -0.23 -0.00 -0.08 -0.29 0.65 0.00 -0.29 -0.00 0.00 -0.00 0.12 0.85 -0.46 -0.00 0.16 0.00 -0.00 0.00 -0.29 -0.00 0.00 -0.00 -0.00 0.00 -0.00 -0.00 0.00 -0.00 0.00 -0.17 -0.00 0.16 -0.08 -0.29 0.00 -0.16 0.49 0.29 -0.27 -0.63 0.65 0.00 -0.00 0.17 -0.17 -0.30 0.12 0.85 -0.29 -0.00 -0.13 -0.15 0.28 0.00 -0.46 -0.00 0.00 -0.00 0.00 -0.09 0.09 0.29 -0.03 -0.23 0.08 0.00 0.09 0.29 -0.58 -0.00 0.21 0.00 -0.00 0.00 -0.04 -0.27 0.16 0.00 -0.05 -0.00 0.00 -0.00 0.16 0.00 -0.00 0.00 0.00 -0.00 0.00 -0.00 -0.00 0.09 -0.17 -0.29 0.09 0.58 -0.29 -0.00 -0.03 -0.07 0.21 0.00 -0.23 -0.00 0.00 -0.00 0.05 0.16 -0.14 -0.00 0.16 0.00 -0.00 0.00 -0.05 -0.00 0.00 -0.00 -0.00 0.00 -0.00 -0.00 -0.03 -0.23 0.21 0.00 -0.07 -0.00 0.00 -0.00 0.08 0.00 -0.00 0.00 0.00 -0.00 0.00 -0.00 -0.05 -0.00 0.00 -0.00 -0.00 0.00 -0.00 -0.00 0.00 -0.00 0.00 -0.00 -0.00 -0.00 -0.00 -0.00 

