Size:	3	3
Time:	0.006825
Step:	39
Energy:	-0.527703
Value:
-0.00 -0.00 -0.00 -0.00 -0.00 0.00 -0.00 -0.00 -0.00 -0.00 0.00 0.00 -0.00 -0.00 0.00 -0.02 -0.00 0.00 -0.00 -0.00 0.00 0.00 -0.00 0.03 -0.00 -0.00 0.00 -0.02 -0.00 0.08 -0.08 0.06 -0.00 -0.00 0.00 0.00 -0.00 -0.00 0.00 -0.02 0.00 0.00 -0.00 0.06 0.00 -0.05 0.06 -0.09 -0.00 -0.00 0.00 -0.08 -0.00 0.08 -0.02 0.06 0.00 -0.10 0.21 -0.17 -0.10 0.32 -0.17 0.00 -0.00 0.00 -0.00 -0.00 0.00 0.00 -0.00 0.06 -0.00 -0.00 0.00 -0.02 -0.00 0.06 -0.10 0.07 0.00 0.00 -0.00 0.08 0.00 -0.21 0.10 -0.18 -0.00 0.03 -0.08 0.06 0.10 -0.18 0.17 -0.00 -0.00 -0.00 0.00 -0.16 -0.00 0.10 -0.06 0.25 0.00 -0.10 0.30 -0.23 -0.11 0.32 -0.32 0.00 -0.00 0.23 -0.22 0.51 0.10 -0.94 0.30 -0.00 -0.10 0.15 -0.31 0.00 0.33 -0.00 0.00 -0.00 -0.00 -0.00 0.00 0.00 -0.00 -0.00 0.00 -0.10 0.00 0.00 -0.00 0.06 0.00 -0.16 0.30 -0.23 -0.00 -0.00 0.00 -0.10 -0.00 0.23 -0.10 0.15 0.00 -0.08 0.21 -0.17 -0.22 0.51 -0.31 0.00 0.00 0.00 -0.00 0.30 0.00 -0.16 0.06 -0.23 -0.00 0.30 -0.93 0.63 0.30 -0.71 0.63 -0.00 0.00 -0.22 0.21 -0.31 -0.08 0.51 -0.17 0.00 0.21 -0.31 0.33 -0.00 -0.31 0.00 -0.00 0.00 -0.00 -0.00 0.00 -0.05 -0.00 0.10 -0.11 0.32 0.00 -0.02 0.06 -0.09 -0.06 0.25 -0.32 0.00 -0.00 0.08 -0.10 0.32 0.10 -0.94 0.33 -0.00 -0.02 0.06 -0.17 0.00 0.30 -0.00 0.00 -0.00 0.00 -0.16 0.30 -0.71 -0.10 0.69 -0.32 0.00 0.06 -0.23 0.63 -0.00 -0.32 0.00 -0.00 0.00 -0.08 0.51 -0.31 0.00 0.17 -0.00 0.00 -0.00 -0.17 0.00 -0.00 0.00 0.00 -0.00 0.00 -0.00 -0.00 0.00 -0.00 -0.00 0.00 0.00 -0.00 0.06 -0.00 -0.00 0.00 -0.06 -0.00 0.10 -0.16 0.25 0.00 0.00 -0.00 0.10 0.00 -0.21 0.08 -0.18 -0.00 0.10 -0.22 0.30 0.23 -0.94 0.51 -0.00 -0.00 -0.00 0.00 -0.10 -0.00 0.06 -0.02 0.07 0.00 -0.11 0.30 -0.32 -0.10 0.32 -0.23 0.00 -0.00 0.10 -0.08 0.17 0.03 -0.18 0.06 -0.00 -0.10 0.33 -0.31 0.00 0.15 -0.00 0.00 -0.00 0.00 0.00 -0.00 0.10 0.00 -0.11 0.10 -0.64 -0.00 0.06 -0.16 0.25 0.10 -0.64 0.69 -0.00 0.00 -0.21 0.23 -0.94 -0.21 2.87 -0.94 0.00 0.08 -0.18 0.51 -0.00 -0.94 0.00 -0.00 0.00 -0.00 0.10 -0.16 0.69 0.06 -0.64 0.25 -0.00 -0.05 0.32 -0.71 0.00 0.32 -0.00 0.00 -0.00 0.08 -0.94 0.51 -0.00 -0.18 0.00 -0.00 0.00 0.32 -0.00 0.00 -0.00 -0.00 0.00 -0.00 -0.00 -0.00 -0.00 0.00 -0.11 -0.00 0.10 -0.05 0.32 0.00 -0.10 0.30 -0.32 -0.16 0.69 -0.71 0.00 -0.00 0.10 -0.10 0.33 0.08 -0.94 0.32 -0.00 -0.08 0.17 -0.31 0.00 0.51 -0.00 0.00 -0.00 0.00 -0.06 0.06 -0.32 -0.02 0.25 -0.09 0.00 0.06 -0.32 0.63 -0.00 -0.23 0.00 -0.00 0.00 -0.02 0.30 -0.17 0.00 0.06 -0.00 0.00 -0.00 -0.17 0.00 -0.00 0.00 0.00 -0.00 0.00 -0.00 -0.00 0.06 -0.10 0.32 0.06 -0.64 0.32 -0.00 -0.02 0.07 -0.23 0.00 0.25 -0.00 0.00 -0.00 0.03 -0.18 0.15 -0.00 -0.18 0.00 -0.00 0.00 0.06 -0.00 0.00 -0.00 -0.00 0.00 -0.00 -0.00 -0.02 0.25 -0.23 0.00 0.07 -0.00 0.00 -0.00 -0.09 0.00 -0.00 0.00 0.00 -0.00 0.00 -0.00 0.06 -0.00 0.00 -0.00 -0.00 0.00 -0.00 -0.00 0.00 -0.00 0.00 -0.00 -0.00 -0.00 -0.00 -0.00 

